Multiple size <= 100
TEST 1 ARG:1 59 2 27 83 5 86 70 81 33 50 82 42 49 79 89 37 85 41 78 94 12 67 69 52 16 29 26 20 47 64 93 23 39 75 4 38 57 6 45 98 73 21 60 17 54 88 74 7 77 10 36 72 61 28 63 11 24 53 44 15 80 84 35 0 40 8 55 34 14 95 13 31 87 66 76 19 71 90 22 18 97 32 91 25 51 46 58 68 30 3 43 65 99 56 48 96 62 92 9
TEST 1 ARG:1 59 2 27 83 5 86 70 81 33 50 82 42 49 79 89 37 85 41 78 94 12 67 69 52 16 29 26 20 47 64 93 23 39 75 4 38 57 6 45 98 73 21 60 17 54 88 74 7 77 10 36 72 61 28 63 11 24 53 44 15 80 84 35 0 40 8 55 34 14 95 13 31 87 66 76 19 71 90 22 18 97 32 91 25 51 46 58 68 30 3 43 65 99 56 48 96 62 92 9
TEST 2 ARG:32 86 3 7 36 81 8 72 20 62 42 79 93 46 78 30 51 6 70 48 31 83 29 12 33 58 2 49 45 64 57 91 97 39 23 90 50 61 40 77 27 43 98 9 25 10 92 18 67 89 38 88 69 19 0 63 22 53 1 37 11 71 55 85 65 34 35 59 14 84 94 95 13 4 73 47 76 66 41 87 21 74 82 16 68 80 26 5 24 96 52 75 15 17 60 54 44 28 56 99
TEST 2 ARG:32 86 3 7 36 81 8 72 20 62 42 79 93 46 78 30 51 6 70 48 31 83 29 12 33 58 2 49 45 64 57 91 97 39 23 90 50 61 40 77 27 43 98 9 25 10 92 18 67 89 38 88 69 19 0 63 22 53 1 37 11 71 55 85 65 34 35 59 14 84 94 95 13 4 73 47 76 66 41 87 21 74 82 16 68 80 26 5 24 96 52 75 15 17 60 54 44 28 56 99
TEST 3 ARG:3 83 69 15 33 65 89 44 23 10 12 30 70 43 79 38 51 46 7 20 19 87 90 66 36 73 9 27 22 0 40 37 14 76 63 82 56 67 32 16 6 39 58 60 86 21 4 26 41 85 35 61 11 74 75 62 50 13 80 94 64 57 99 97 59 49 96 91 47 8 34 31 93 5 81 48 84 92 28 52 68 18 17 98 1 77 53 29 71 25 55 54 24 88 95 42 2 72 78 45
TEST 3 ARG:3 83 69 15 33 65 89 44 23 10 12 30 70 43 79 38 51 46 7 20 19 87 90 66 36 73 9 27 22 0 40 37 14 76 63 82 56 67 32 16 6 39 58 60 86 21 4 26 41 85 35 61 11 74 75 62 50 13 80 94 64 57 99 97 59 49 96 91 47 8 34 31 93 5 81 48 84 92 28 52 68 18 17 98 1 77 53 29 71 25 55 54 24 88 95 42 2 72 78 45
TEST 4 ARG:20 81 35 25 22 62 94 61 49 36 12 29 96 70 19 69 44 91 67 90 79 59 9 78 73 33 18 0 82 34 64 10 42 71 77 28 72 97 50 38 31 54 85 74 21 14 58 51 17 23 89 6 40 26 27 80 60 92 37 30 99 45 47 11 4 57 16 93 52 46 39 68 8 86 15 5 95 56 43 53 24 13 88 55 41 98 87 3 7 75 32 63 83 66 76 1 84 2 48 65
TEST 4 ARG:20 81 35 25 22 62 94 61 49 36 12 29 96 70 19 69 44 91 67 90 79 59 9 78 73 33 18 0 82 34 64 10 42 71 77 28 72 97 50 38 31 54 85 74 21 14 58 51 17 23 89 6 40 26 27 80 60 92 37 30 99 45 47 11 4 57 16 93 52 46 39 68 8 86 15 5 95 56 43 53 24 13 88 55 41 98 87 3 7 75 32 63 83 66 76 1 84 2 48 65
TEST 5 ARG:65 71 66 45 53 68 2 97 72 51 19 94 60 32 28 25 52 44 9 35 27 93 1 12 47 87 57 50 21 49 3 69 91 78 5 75 48 33 42 8 10 90 95 23 40 43 89 74 39 82 20 7 46 83 15 38 36 30 56 24 37 84 96 86 63 4 62 59 18 54 26 17 79 16 98 0 67 80 14 64 6 88 92 34 81 61 22 29 73 11 41 58 31 85 99 76 55 70 77 13
TEST 5 ARG:65 71 66 45 53 68 2 97 72 51 19 94 60 32 28 25 52 44 9 35 27 93 1 12 47 87 57 50 21 49 3 69 91 78 5 75 48 33 42 8 10 90 95 23 40 43 89 74 39 82 20 7 46 83 15 38 36 30 56 24 37 84 96 86 63 4 62 59 18 54 26 17 79 16 98 0 67 80 14 64 6 88 92 34 81 61 22 29 73 11 41 58 31 85 99 76 55 70 77 13
TEST 6 ARG:84 25 49 18 30 26 79 20 50 44 83 15 0 98 78 43 23 77 88 45 5 97 22 48 8 82 65 71 70 56 31 34 53 51 24 9 81 1 85 47 17 72 33 36 94 54 42 29 61 93 32 73 19 95 39 41 67 37 58 57 12 14 87 62 68 63 96 2 90 89 74 11 99 46 28 10 13 40 60 27 16 92 86 59 80 6 4 55 75 52 66 35 7 3 21 91 76 69 64 38
TEST 6 ARG:84 25 49 18 30 26 79 20 50 44 83 15 0 98 78 43 23 77 88 45 5 97 22 48 8 82 65 71 70 56 31 34 53 51 24 9 81 1 85 47 17 72 33 36 94 54 42 29 61 93 32 73 19 95 39 41 67 37 58 57 12 14 87 62 68 63 96 2 90 89 74 11 99 46 28 10 13 40 60 27 16 92 86 59 80 6 4 55 75 52 66 35 7 3 21 91 76 69 64 38
TEST 7 ARG:62 79 71 66 55 83 40 74 43 97 44 5 19 16 81 24 18 73 70 95 10 2 58 99 75 36 21 39 85 59 46 53 89 48 61 98 87 51 76 13 94 64 6 68 0 60 63 69 12 25 29 32 80 26 9 82 57 67 37 28 14 31 90 8 84 96 1 38 20 88 41 49 54 42 77 22 47 50 35 65 15 17 7 34 27 3 92 86 72 91 52 30 45 93 23 56 4 11 78 33
TEST 7 ARG:62 79 71 66 55 83 40 74 43 97 44 5 19 16 81 24 18 73 70 95 10 2 58 99 75 36 21 39 85 59 46 53 89 48 61 98 87 51 76 13 94 64 6 68 0 60 63 69 12 25 29 32 80 26 9 82 57 67 37 28 14 31 90 8 84 96 1 38 20 88 41 49 54 42 77 22 47 50 35 65 15 17 7 34 27 3 92 86 72 91 52 30 45 93 23 56 4 11 78 33
TEST 8 ARG:94 67 20 1 35 90 24 9 38 58 49 36 68 0 37 73 27 85 82 19 70 65 8 92 80 28 2 56 74 59 13 34 64 51 14 42 18 22 16 60 76 71 47 7 98 66 83 23 75 87 30 99 93 21 79 57 32 69 25 5 54 3 11 53 39 31 17 45 6 52 89 15 41 81 48 61 95 33 84 43 10 63 12 72 97 26 46 50 91 77 86 4 40 88 96 62 55 29 78 44
TEST 8 ARG:94 67 20 1 35 90 24 9 38 58 49 36 68 0 37 73 27 85 82 19 70 65 8 92 80 28 2 56 74 59 13 34 64 51 14 42 18 22 16 60 76 71 47 7 98 66 83 23 75 87 30 99 93 21 79 57 32 69 25 5 54 3 11 53 39 31 17 45 6 52 89 15 41 81 48 61 95 33 84 43 10 63 12 72 97 26 46 50 91 77 86 4 40 88 96 62 55 29 78 44
TEST 9 ARG:31 60 93 68 64 0 14 51 24 11 97 36 28 49 2 94 54 43 89 79 27 53 58 33 12 23 91 66 6 32 5 56 71 9 84 17 40 26 80 62 50 15 10 30 39 35 82 25 16 83 57 90 77 61 3 48 59 87 52 88 96 29 1 7 63 47 98 86 81 46 70 78 4 18 67 19 92 44 73 65 42 41 76 21 75 99 45 72 85 95 38 8 13 37 20 74 69 22 55 34
TEST 9 ARG:31 60 93 68 64 0 14 51 24 11 97 36 28 49 2 94 54 43 89 79 27 53 58 33 12 23 91 66 6 32 5 56 71 9 84 17 40 26 80 62 50 15 10 30 39 35 82 25 16 83 57 90 77 61 3 48 59 87 52 88 96 29 1 7 63 47 98 86 81 46 70 78 4 18 67 19 92 44 73 65 42 41 76 21 75 99 45 72 85 95 38 8 13 37 20 74 69 22 55 34
TEST 10 ARG:91 54 6 44 77 39 30 72 68 85 96 1 93 19 95 92 83 32 60 89 16 15 62 63 46 27 2 70 17 13 12 88 71 35 64 23 75 38 67 57 97 20 53 61 82 43 28 36 37 3 34 14 40 87 41 79 4 0 78 7 73 9 24 81 10 21 26 50 45 22 58 80 90 84 33 56 59 31 18 65 47 76 51 98 49 8 48 99 74 25 5 55 69 94 66 11 52 29 42 86
TEST 10 ARG:91 54 6 44 77 39 30 72 68 85 96 1 93 19 95 92 83 32 60 89 16 15 62 63 46 27 2 70 17 13 12 88 71 35 64 23 75 38 67 57 97 20 53 61 82 43 28 36 37 3 34 14 40 87 41 79 4 0 78 7 73 9 24 81 10 21 26 50 45 22 58 80 90 84 33 56 59 31 18 65 47 76 51 98 49 8 48 99 74 25 5 55 69 94 66 11 52 29 42 86
TEST 11 ARG:51 18 40 17 37 23 89 55 0 72 81 94 52 12 97 73 10 60 87 31 78 1 56 91 59 22 34 30 96 61 26 76 48 16 99 21 65 80 54 47 75 35 29 50 19 14 5 41 28 62 44 33 9 95 36 92 93 4 11 64 74 13 8 45 42 57 71 86 20 84 25 2 58 7 98 88 67 46 15 66 53 83 39 90 32 79 3 68 6 77 43 85 24 70 38 69 63 82 27 49
TEST 11 ARG:51 18 40 17 37 23 89 55 0 72 81 94 52 12 97 73 10 60 87 31 78 1 56 91 59 22 34 30 96 61 26 76 48 16 99 21 65 80 54 47 75 35 29 50 19 14 5 41 28 62 44 33 9 95 36 92 93 4 11 64 74 13 8 45 42 57 71 86 20 84 25 2 58 7 98 88 67 46 15 66 53 83 39 90 32 79 3 68 6 77 43 85 24 70 38 69 63 82 27 49
